#BVGraph properties
#Wed Nov 17 23:31:09 CET 2010
compratio=0.130
bitsforblocks=378513600
residualarcs=192012868
version=0
zetak=3
residualexpstats=38332896,31420175,17755894,14535424,13124585,11269214,8801908,7167047,5890753,4519472,3122588,1648524,475895,142938,108899,122693,205709,347655,578666,946867,1469475,1962306,2490622,3069740,3562818,3824441,3019352,1446460
avgref=1.294
residualavggap=5189446.609
avgbitsforoutdegrees=4.81
windowsize=7
bitsforintervals=282838490
copiedarcs=678611220
avgbitsforblocks=3.204
bitsperlink=3.275
bitsforresiduals=1828914409
bitsforreferences=281511145
avgdist=1.617
successoravgloggap=2.9461693609068607
avgbitsforreferences=2.383
successoravggap=1637435.335
maxrefcount=3
successorexpstats=680922330,81995446,41663158,32510817,27887610,24115263,20986875,18331233,16081304,13523854,9849277,5199365,1611330,511466,305204,244323,301430,483618,805698,1328819,2065062,2843160,3709151,5056384,6489036,7310942,5424652,2395179
nodes=118142155
compressionflags=
intervalisedarcs=149279102
bitspernode=28.271
arcs=1019903190
bitsforoutdegrees=568262565
avgbitsforintervals=2.394
minintervallength=4
graphclass=it.unimi.dsi.webgraph.BVGraph
avgbitsforresiduals=15.481
residualavgloggap=6.259827796074544
